2330
2454
2308
2317
3711
2303
2383
2327
2881
2382
1303
2882
2891
3037
2345
2408
7769
2412
2885
6669
3017
2887
2360
2059
2344
8046
2886
6223
2890
4958
2368
3443
6488
6446
5274
2883
6505
2884
2880
3481
3008
2357
2301
2892
6274
2395
8299
3653
3231
1216
2603
2379
3045
3189
5880
1326
2449
3665
1301
3661
4904
6770
5347
3034
2002
2801
6515
2337
1590
2207
3036
2313
2912
3044
6239
2356
1519
2492
8069
2404
4938
2376
3533
2409
2615
2618
6415
3293
5876
6139
3529
5871
3081
1802
2609
3702
2834
3105
1101
6789
1504
6919
3532
3026
2324
5536
1605
6531
8210
2633
7750
1402
2347
6147
5289
6213
2610
3260
5483
8358
1102
2812
8996
6285
7610
6196
2049
2377
6442
6257
1503
3706
3264
5269
6526
2451
2838
8464
2474
2027
1560
2105
6409
6781
5434
2353
6805
6182
2542
6187
6510
3131
1476
1717
2645
3374
3491
3090
6691
2467
1513
3324
1785
4749
2385
6121
2354
2481
2855
6548
6005
2441
7734
7828
3023
5904
8021
8150
3450
3363
9945
3167
6944
1229
3030
8454
9904
3042
7799
3406
9910
3005
4919
3211
8926
2845
3006
2646
3583
6949
3163
4979
2455
2637
6414
6451
6278
4991
2371
2472
2889
2915
1815
2458
2486
2258
3035
2634
1795
6831
1477
8028
2352
6472
6271
2606
6191
1773
4966
2867
2597
2312
6290
1210
6282
2006
6890
5522
2540
2923
2206
6116
4583
4763
3680
6584
9917
1409
1722
6173
2539
9941
7795
1907
2850
6683
7822
3714
3563
1319
6197
8112
3596
3715
8932
8016
6176
5903
4766
8261
2388
2421
5469
4772
3019
1736
2316
2211
5234
8070
3376
2428
9933
5371
7751
2504
2498
6592
3413
8033
2351
8422
2367
8039
6214
1314
9939
2015
6670
5425
6412
8415
3227
3016
2363
2329
2493
6023
4585
1514
8131
2464
1215
3707
4915
2548
2204
3010
3673
3357
5439
2903
2393
1609
2851
2201
1434
4123
6217
2897
6166
6449
5351
9958
6491
6579
6719
6715
9921
2476
2072
6640
6138
4551
2849
2501
6757
8086
1227
5475
4764
2362
1808
4743
4722
8110
4576
2478
3576
6739
3515
1904
1231
6561
2208
2023
6525
3014
8081
2374
2328
8096
5388
5534
3362
2607
2101
2014
6613
6903
8027
6456
9907
7768
1718
3033
1711
2535
2489
7827
8271
3675
1232
2359
8064
2820
1440
3265
2707
2515
2836
2439
7786
7722
3617
3693
6605
9914
6664
2426
6188
7711
8155
6830
6672
6146
4506
3013
1608
6177
2520
4961
7805
4728
8042
2375
3592
5530
6269
3526
3587
2543
5864
2355
5009
2402
2727
1419
6803
4967
5314
2103
1723
6643
3055
3149
4147
7788
2392
6206
4105
7749
6291
5607
3305
2401
2247
3704
6712
1104
3380
6016
4169
6620
9911
8255
6962
2605
5284
6753
6901
4931
2338
1714
3028
1313
6937
5443
4971
4906
1905
3029
4770
4114
9937
2905
2480
3703
2106
2466
6535
3022
5243
1712
1789
2530
2704
3624
1304
5007
2369
3088
6443
2340
5340
8114
